7.946851851851852
8.183333333333334
7.148148148148148
8.336851851851852
6.0072222222222225
7.825185185185185
10.868333333333334
6.9024074074074075
6.755
6.730185185185185
7.582962962962963
6.852407407407408
6.803518518518518
5.452222222222222
5.074814814814815
6.065185185185185
4.978148148148148
4.632777777777778
5.15962962962963
4.787222222222222
4.464814814814815
4.6994444444444445
5.484444444444445
5.2501851851851855
4.45962962962963
5.25537037037037
4.693518518518519
4.558148148148148
5.191111111111111
4.751666666666667
4.6903703703703705
4.197962962962963
3.5659259259259257
5.48
4.223518518518518
5.059444444444445
4.647592592592592
4.198703703703703
4.029814814814815
4.322962962962963
3.3875925925925925
4.023888888888889
3.7194444444444446
4.24537037037037
3.5566666666666666
4.489814814814815
3.62
3.7035185185185187
3.3214814814814817
3.432962962962963
3.5462962962962963
3.81
3.843888888888889
3.5725925925925925
3.762962962962963
3.127222222222222
3.5162962962962965
3.3825925925925926
3.240740740740741
3.8783333333333334
3.7324074074074076
3.1618518518518517
3.0053703703703705
2.7124074074074076
3.217037037037037
3.1416666666666666
2.9138888888888888
2.912962962962963
3.048888888888889
2.949074074074074
3.179074074074074
2.93537037037037
2.834074074074074
2.5874074074074076
2.908333333333333
2.5390740740740743
2.9325925925925924
2.587222222222222
2.5881481481481483
2.5303703703703704
3.0985185185185187
2.337222222222222
2.6246296296296294
2.993148148148148
2.6596296296296296
2.798888888888889
2.5764814814814816
2.672222222222222
2.562962962962963
2.3712962962962965
2.711851851851852
2.6127777777777776
2.1887037037037036
2.502037037037037
2.238148148148148
2.284074074074074
2.4811111111111113
2.368888888888889
3.098148148148148
2.0907407407407406
