-29929.0
-31367.0
-25446.0
-31076.0
-20851.0
-29938.0
-40617.0
-23956.0
-23953.0
-23964.0
-27250.0
-23298.0
-24419.0
-18270.0
-16418.0
-20267.0
-16201.0
-14771.0
-16505.0
-15954.0
-13778.0
-14670.0
-16331.0
-17287.0
-14180.0
-17161.0
-14618.0
-13957.0
-17657.0
-15099.0
-15025.0
-12412.0
-9794.0
-18204.0
-12493.0
-14262.0
-13997.0
-12709.0
-12064.0
-11750.0
-8979.0
-12190.0
-9852.0
-12753.0
-10280.0
-12858.0
-10155.0
-10513.0
-9026.0
-9299.0
-9981.0
-11156.0
-11403.0
-9558.0
-9113.0
-7900.0
-7886.0
-9380.0
-8408.0
-10954.0
-9195.0
-8087.0
-7531.0
-6756.0
-8859.0
-7297.0
-6722.0
-6893.0
-7783.0
-7244.0
-7610.0
-7349.0
-6607.0
-5698.0
-7523.0
-5927.0
-7437.0
-5440.0
-5769.0
-5617.0
-6370.0
-5456.0
-6461.0
-7280.0
-6171.0
-5212.0
-4719.0
-5784.0
-5463.0
-4927.0
-6199.0
-5644.0
-4514.0
-4857.0
-4591.0
-4580.0
-4530.0
-4841.0
-5920.0
-4352.0
