42913
44190
38600
45019
32439
42256
58689
37273
36477
36343
40948
37003
36739
29442
27404
32752
26882
25017
27862
25851
24110
25377
29616
28351
24082
28379
25345
24614
28032
25659
25328
22669
19256
29592
22807
27321
25097
22673
21761
23344
18293
21729
20085
22925
19206
24245
19548
19999
17936
18538
19150
20574
20757
19292
20320
16887
18988
18266
17500
20943
20155
17074
16229
14647
17372
16965
15735
15730
16464
15925
17167
15851
15304
13972
15705
13711
15836
13971
13976
13664
16732
12621
14173
16163
14362
15114
13913
14430
13840
12805
14644
14109
11819
13511
12086
12334
13398
12792
16730
11290
